# Step 0, Time: 0 s
Name Mass Px Py Pz Vx Vy Vz
       Sun 1.989000e+30 1.419647e+03 -8.115418e-10 8.548460e-11 3.943463e-01 -2.254283e-13 2.374572e-14
   Mercury 3.301000e+23 5.789949e+10 1.723320e+08 2.966953e-11 -1.425546e+02 4.787000e+04 8.241537e-15
     Venus 4.867000e+24 1.081999e+11 1.260720e+08 1.446047e-11 -4.081956e+01 3.502000e+04 4.016797e-15
     Earth 5.972000e+24 1.495999e+11 1.072080e+08 8.834204e-12 -2.135346e+01 2.978000e+04 2.453946e-15
      Mars 6.417000e+23 2.279000e+11 8.686800e+07 4.115780e-12 -9.200128e+00 2.413000e+04 1.143272e-15
   Jupiter 1.898000e+27 7.785000e+11 4.705200e+07 2.326539e-13 -7.882256e-01 1.307000e+04 6.462608e-17
    Saturn 5.683000e+26 1.433000e+12 3.484800e+07 4.445054e-14 -2.337828e-01 9.680000e+03 1.234737e-17
    Uranus 8.681000e+25 2.877000e+12 2.448000e+07 6.121058e-15 -5.789834e-02 6.800000e+03 1.700294e-18
   Neptune 1.024000e+26 4.503000e+12 1.954800e+07 1.660676e-15 -2.362430e-02 5.430000e+03 4.612989e-19
      Moon 7.342000e+22 -1.128363e+10 3.679200e+06 8.480202e-11 -3.241007e+06 1.022000e+03 2.355612e-14
    Phobos 1.070000e+16 -1.956252e+13 7.696800e+06 8.546785e-11 -5.434036e+09 2.138000e+03 2.374107e-14
    Deimos 1.480000e+15 -3.126247e+12 4.863600e+06 8.544271e-11 -8.684084e+08 1.351000e+03 2.373409e-14
        Io 8.930000e+22 -9.253051e+09 6.235200e+07 8.473537e-11 -2.687431e+06 1.732000e+04 2.353760e-14
    Europa 4.800000e+22 -3.148969e+09 4.946400e+07 8.429603e-11 -1.061130e+06 1.374000e+04 2.341557e-14
  Ganymede 1.480000e+23 -4.327151e+08 3.916800e+07 8.359911e-11 -4.174209e+05 1.088000e+04 2.322197e-14
  Callisto 1.080000e+23 1.396257e+09 2.952000e+07 8.220207e-11 -1.349287e+05 8.200000e+03 2.283391e-14
     Titan 1.345000e+23 6.986001e+07 2.005200e+07 8.333540e-11 -3.200389e+05 5.570000e+03 2.314872e-14
      Rhea 2.310000e+21 -5.667765e+09 3.052800e+07 8.454954e-11 -1.720768e+06 8.480000e+03 2.348598e-14
   Iapetus 1.810000e+21 3.424248e+09 1.173600e+07 7.940452e-11 -3.770885e+04 3.260000e+03 2.205681e-14
     Dione 1.100000e+21 -1.172665e+10 3.657600e+07 8.481441e-11 -3.362124e+06 1.016000e+04 2.355956e-14
    Tethys 6.170000e+20 -1.947475e+10 4.086000e+07 8.495963e-11 -5.491596e+06 1.135000e+04 2.359990e-14
 Enceladus 1.080000e+20 -3.013526e+10 4.453200e+07 8.506076e-11 -8.437018e+06 1.237000e+04 2.362799e-14
     Mimas 3.750000e+19 -4.954408e+10 5.112000e+07 8.515314e-11 -1.381391e+07 1.420000e+04 2.365365e-14
   Miranda 6.590000e+19 -1.032580e+11 2.390400e+07 8.525455e-11 -2.871862e+07 6.640000e+03 2.368182e-14
     Ariel 1.350000e+21 -4.696954e+10 2.001600e+07 8.514425e-11 -1.310015e+07 5.560000e+03 2.365118e-14
   Umbriel 1.170000e+21 -2.404943e+10 1.677600e+07 8.501106e-11 -6.754287e+06 4.660000e+03 2.361418e-14
   Titania 3.420000e+21 -8.614902e+09 1.310400e+07 8.471010e-11 -2.514139e+06 3.640000e+03 2.353058e-14
    Oberon 3.000000e+21 -4.478839e+09 1.134000e+07 8.445091e-11 -1.406066e+06 3.150000e+03 2.345859e-14
    Triton 2.140000e+22 -1.329667e+10 1.580400e+07 8.485334e-11 -3.792130e+06 4.390000e+03 2.357037e-14
Asteroid_1 2.870850e+16 -1.069306e+11 -6.231853e+10 6.553650e+09 1.649067e+04 -2.829613e+04 -1.832742e+00

# Step 1, Time: 3.600000e+03 s
Name Mass Px Py Pz Vx Vy Vz
       Sun 1.989000e+30 2.337949e+04 6.138747e+03 2.564532e-10 6.099955e+00 1.705208e+00 4.749127e-14
   Mercury 3.301000e+23 5.789846e+10 3.446625e+08 8.898840e-11 -2.851098e+02 4.786958e+04 1.647746e-14
     Venus 4.867000e+24 1.081996e+11 2.521438e+08 4.338027e-11 -8.163914e+01 3.501995e+04 8.033279e-15
     Earth 5.972000e+24 1.495998e+11 2.144159e+08 2.650349e-11 -4.270693e+01 2.977998e+04 4.908134e-15
      Mars 6.417000e+23 2.278999e+11 1.737360e+08 1.234821e-11 -1.840026e+01 2.413000e+04 2.286787e-15
   Jupiter 1.898000e+27 7.785000e+11 9.410400e+07 6.980001e-13 -1.576451e+00 1.307000e+04 1.292628e-16
    Saturn 5.683000e+26 1.433000e+12 6.969600e+07 1.333563e-13 -4.675656e-01 9.680000e+03 2.469604e-17
    Uranus 8.681000e+25 2.877000e+12 4.896000e+07 1.836352e-14 -1.157967e-01 6.800000e+03 3.400685e-18
   Neptune 1.024000e+26 4.503000e+12 3.909600e+07 4.982091e-15 -4.724860e-02 5.430000e+03 9.226152e-19
      Moon 7.342000e+22 -2.293774e+10 7.353995e+06 2.784539e-10 -3.237254e+06 1.020776e+03 5.379219e-14
    Phobos 1.070000e+16 -3.912505e+13 1.539360e+07 1.709357e-10 -5.434036e+09 2.138000e+03 2.374108e-14
    Deimos 1.480000e+15 -6.252517e+12 9.727200e+06 1.708913e-10 -8.684084e+08 1.351000e+03 2.373573e-14
        Io 8.930000e+22 -1.890771e+10 1.245686e+08 2.735124e-10 -2.681850e+06 1.728239e+04 5.243806e-14
    Europa 4.800000e+22 -6.795598e+09 9.620362e+07 2.599386e-10 -1.012953e+06 1.298323e+04 4.878959e-14
  Ganymede 1.480000e+23 7.141165e+09 -7.432460e+08 2.929680e-10 2.103856e+06 -2.173372e+05 5.815802e-14
  Callisto 1.080000e+23 2.860253e+07 4.039441e+07 2.494839e-10 -3.799039e+05 3.020669e+03 4.646717e-14
     Titan 1.345000e+23 -3.141441e+11 -8.982021e+10 9.883347e-09 -8.728165e+07 -2.495563e+07 2.722225e-12
      Rhea 2.310000e+21 -1.180897e+10 6.076754e+07 2.654426e-10 -1.705891e+06 8.399872e+03 5.024808e-14
   Iapetus 1.810000e+21 3.141770e+09 2.296912e+07 2.386882e-10 -7.846615e+04 3.120312e+03 4.424547e-14
     Dione 1.100000e+21 -2.381778e+10 7.311295e+07 2.794909e-10 -3.358649e+06 1.014915e+04 5.407681e-14
    Tethys 6.170000e+20 -3.923996e+10 8.171048e+07 3.005161e-10 -5.490336e+06 1.134736e+04 5.987680e-14
 Enceladus 1.080000e+20 -6.050664e+10 8.906120e+07 3.371149e-10 -8.436492e+06 1.236922e+04 7.001504e-14
     Mimas 3.750000e+19 -9.927346e+10 1.022393e+08 4.352451e-10 -1.381372e+07 1.419980e+04 9.724775e-14
   Miranda 6.590000e+19 -2.066449e+11 4.780796e+07 8.278059e-10 -2.871858e+07 6.639990e+03 2.062643e-13
     Ariel 1.350000e+21 -9.412929e+10 4.003167e+07 4.196327e-10 -1.309993e+07 5.559908e+03 9.291344e-14
   Umbriel 1.170000e+21 -4.836189e+10 3.354992e+07 3.150643e-10 -6.753461e+06 4.659424e+03 6.390367e-14
   Titania 3.420000e+21 -1.764262e+10 2.617275e+07 2.721000e-10 -2.507700e+06 3.630209e+03 5.205275e-14
    Oberon 3.000000e+21 -9.454914e+09 2.246285e+07 2.628640e-10 -1.382243e+06 3.089681e+03 4.955918e-14
    Triton 2.140000e+22 -2.693861e+10 3.159643e+07 2.834732e-10 -3.789427e+06 4.386787e+03 5.517220e-14
Asteroid_1 2.870850e+16 -1.068711e+11 -6.242034e+10 6.553638e+09 1.651752e+04 -2.828049e+04 -3.477915e+00

# Step 2, Time: 7.200000e+03 s
Name Mass Px Py Pz Vx Vy Vz
       Sun 1.989000e+30 6.738735e+04 4.342868e+04 5.129009e-10 1.222441e+01 1.035831e+01 7.123548e-14
   Mercury 3.301000e+23 5.789692e+10 5.169899e+08 1.779370e-10 -4.276645e+02 4.786873e+04 2.470793e-14
     Venus 4.867000e+24 1.081991e+11 3.782153e+08 8.675837e-11 -1.224587e+02 3.501986e+04 1.204947e-14
     Earth 5.972000e+24 1.495995e+11 3.216238e+08 5.300875e-11 -6.406040e+01 2.977995e+04 7.362574e-15
      Mars 6.417000e+23 2.278998e+11 2.606039e+08 2.469818e-11 -2.760039e+01 2.412999e+04 3.430547e-15
   Jupiter 1.898000e+27 7.785000e+11 1.411560e+08 1.396077e-12 -2.364677e+00 1.307000e+04 1.939103e-16
    Saturn 5.683000e+26 1.433000e+12 1.045440e+08 2.667219e-13 -7.013484e-01 9.680000e+03 3.704600e-17
    Uranus 8.681000e+25 2.877000e+12 7.344000e+07 3.672775e-14 -1.736950e-01 6.800000e+03 5.101173e-18
   Neptune 1.024000e+26 4.503000e+12 5.864400e+07 9.964307e-15 -7.087289e-02 5.430000e+03 1.383949e-18
      Moon 7.342000e+22 -3.458858e+10 1.102774e+07 6.134556e-10 -3.236345e+06 1.020485e+03 9.305602e-14
    Phobos 1.070000e+16 -5.868758e+13 2.309040e+07 2.564036e-10 -5.434036e+09 2.138000e+03 2.374108e-14
    Deimos 1.480000e+15 -9.378787e+12 1.459080e+07 2.563406e-10 -8.684084e+08 1.351000e+03 2.373592e-14
        Io 8.930000e+22 -2.855756e+10 1.867535e+08 5.910061e-10 -2.680513e+06 1.727358e+04 8.819269e-14
    Europa 4.800000e+22 -1.040498e+10 1.424160e+08 5.341622e-10 -1.002607e+06 1.283678e+04 7.617324e-14
  Ganymede 1.480000e+23 1.468185e+10 -1.522205e+09 5.766001e-10 2.094634e+06 -2.163775e+05 7.878671e-14
  Callisto 1.080000e+23 -4.072988e+11 -5.736541e+11 9.949904e-08 -1.131465e+08 -1.593596e+08 2.756932e-11
     Titan 1.345000e+23 -6.283580e+11 -1.796605e+11 1.970114e-08 -8.728164e+07 -2.495563e+07 2.727164e-12
      Rhea 2.310000e+21 -1.793785e+10 9.094360e+07 5.563303e-10 -1.702465e+06 8.382239e+03 8.080214e-14
   Iapetus 1.810000e+21 2.685003e+09 3.292837e+07 4.790323e-10 -1.268796e+05 2.766458e+03 6.676223e-14
     Dione 1.100000e+21 -3.590588e+10 1.096406e+08 6.182383e-10 -3.357806e+06 1.014657e+04 9.409649e-14
    Tethys 6.170000e+20 -5.900405e+10 1.225586e+08 7.228863e-10 -5.490026e+06 1.134671e+04 1.173251e-13
 Enceladus 1.080000e+20 -9.087754e+10 1.335897e+08 9.307580e-10 -8.436361e+06 1.236903e+04 1.649009e-13
     Mimas 3.750000e+19 -1.490027e+11 1.533584e+08 1.426293e-09 -1.381367e+07 1.419975e+04 2.752910e-13
   Miranda 6.590000e+19 -3.100317e+11 7.171192e+07 1.669664e-09 -2.871856e+07 6.639987e+03 2.338495e-13
     Ariel 1.350000e+21 -1.412889e+11 6.004725e+07 1.372535e-09 -1.309988e+07 5.559885e+03 2.646952e-13
   Umbriel 1.170000e+21 -7.267362e+10 5.032334e+07 8.025045e-10 -6.753257e+06 4.659282e+03 1.354001e-13
   Titania 3.420000e+21 -2.666482e+10 3.923331e+07 5.847850e-10 -2.506165e+06 3.627933e+03 8.685694e-14
    Oberon 3.000000e+21 -1.441174e+10 3.353999e+07 5.458067e-10 -1.376897e+06 3.076984e+03 7.859521e-14
    Triton 2.140000e+22 -4.057817e+10 4.738609e+07 6.370444e-10 -3.788769e+06 4.386015e+03 9.821422e-14
Asteroid_1 2.870850e+16 -1.068116e+11 -6.252209e+10 6.553619e+09 1.654435e+04 -2.826482e+04 -5.123086e+00

# Step 3, Time: 1.080000e+04 s
Name Mass Px Py Pz Vx Vy Vz
       Sun 1.989000e+30 1.113991e+05 8.071856e+04 8.548329e-10 1.222548e+01 1.035830e+01 9.498112e-14
   Mercury 3.301000e+23 5.789487e+10 6.893127e+08 2.964962e-10 -5.702175e+02 4.786745e+04 3.293311e-14
     Venus 4.867000e+24 1.081985e+11 5.042863e+08 1.445938e-10 -1.632782e+02 3.501971e+04 1.606540e-14
     Earth 5.972000e+24 1.495992e+11 4.288314e+08 8.835094e-11 -8.541386e+01 2.977991e+04 9.817275e-15
      Mars 6.417000e+23 2.278997e+11 3.474719e+08 4.116658e-11 -3.680052e+01 2.412998e+04 4.574554e-15
   Jupiter 1.898000e+27 7.785000e+11 1.882080e+08 2.326924e-12 -3.152902e+00 1.307000e+04 2.585686e-16
    Saturn 5.683000e+26 1.433000e+12 1.393920e+08 4.445520e-13 -9.351312e-01 9.680000e+03 4.939727e-17
    Uranus 8.681000e+25 2.877000e+12 9.792000e+07 6.121408e-14 -2.315934e-01 6.800000e+03 6.801759e-18
   Neptune 1.024000e+26 4.503000e+12 7.819200e+07 1.660739e-14 -9.449719e-02 5.430000e+03 1.845300e-18
      Moon 7.342000e+22 -4.623799e+10 1.470103e+07 1.133799e-09 -3.235946e+06 1.020359e+03 1.445400e-13
    Phobos 1.070000e+16 -7.825012e+13 3.078720e+07 3.418715e-10 -5.434036e+09 2.138000e+03 2.374108e-14
    Deimos 1.480000e+15 -1.250506e+13 1.945440e+07 3.417902e-10 -8.684084e+08 1.351000e+03 2.373598e-14
        Io 8.930000e+22 -3.820529e+10 2.489246e+08 1.068849e-09 -2.679927e+06 1.726975e+04 1.327341e-13
    Europa 4.800000e+22 -1.399848e+10 1.884110e+08 9.148878e-10 -9.981941e+05 1.277639e+04 1.057571e-13
  Ganymede 1.480000e+23 2.221468e+10 -2.300349e+09 9.247457e-10 2.092453e+06 -2.161512e+05 9.670711e-14
  Callisto 1.080000e+23 -8.146263e+11 -1.147349e+12 1.987494e-07 -1.131465e+08 -1.593596e+08 2.756954e-11
     Titan 1.345000e+23 -9.425719e+11 -2.695007e+11 2.951999e-08 -8.728164e+07 -2.495563e+07 2.727460e-12
      Rhea 2.310000e+21 -2.406137e+10 1.210926e+08 9.731765e-10 -1.700979e+06 8.374713e+03 1.157906e-13
   Iapetus 1.810000e+21 1.989632e+09 3.996520e+07 8.032104e-10 -1.931588e+05 1.954674e+03 9.004950e-14
     Dione 1.100000e+21 -4.799265e+10 1.461642e+08 1.147802e-09 -3.357435e+06 1.014543e+04 1.471010e-13
    Tethys 6.170000e+20 -7.876765e+10 1.634058e+08 1.474398e-09 -5.489888e+06 1.134642e+04 2.087531e-13
 Enceladus 1.080000e+20 -1.212482e+11 1.781179e+08 2.117511e-09 -8.436303e+06 1.236895e+04 3.296537e-13
     Mimas 3.750000e+19 -1.987318e+11 2.044774e+08 2.790468e-09 -1.381365e+07 1.419973e+04 3.789377e-13
   Miranda 6.590000e+19 -4.134186e+11 9.561587e+07 2.528424e-09 -2.871856e+07 6.639986e+03 2.385445e-13
     Ariel 1.350000e+21 -1.884483e+11 8.006280e+07 2.766017e-09 -1.309985e+07 5.559875e+03 3.870783e-13
   Umbriel 1.170000e+21 -9.698502e+10 6.709653e+07 1.733687e-09 -6.753166e+06 4.659219e+03 2.586619e-13
   Titania 3.420000e+21 -3.568459e+10 5.229032e+07 1.051344e-09 -2.505493e+06 3.626946e+03 1.295997e-13
    Oberon 3.000000e+21 -1.936029e+10 4.459788e+07 9.452656e-10 -1.374596e+06 3.071636e+03 1.109608e-13
    Triton 2.140000e+22 -5.421670e+10 6.317452e+07 1.204105e-09 -3.788478e+06 4.385676e+03 1.575168e-13
Asteroid_1 2.870850e+16 -1.067519e+11 -6.262379e+10 6.553595e+09 1.657116e+04 -2.824913e+04 -6.768252e+00

# Step 4, Time: 1.440000e+04 s
Name Mass Px Py Pz Vx Vy Vz
       Sun 1.989000e+30 1.554148e+05 1.180084e+05 1.282249e-09 1.222659e+01 1.035830e+01 1.187267e-13
   Mercury 3.301000e+23 5.789230e+10 8.616295e+08 4.446475e-10 -7.127676e+02 4.786576e+04 4.115314e-14
     Venus 4.867000e+24 1.081978e+11 6.303566e+08 2.168857e-10 -2.040976e+02 3.501952e+04 2.008108e-14
     Earth 5.972000e+24 1.495988e+11 5.360389e+08 1.325310e-10 -1.067673e+02 2.977985e+04 1.227225e-14
      Mars 6.417000e+23 2.278995e+11 4.343397e+08 6.175430e-11 -4.600065e+01 2.412996e+04 5.718811e-15
   Jupiter 1.898000e+27 7.785000e+11 2.352600e+08 3.490579e-12 -3.941128e+00 1.307000e+04 3.232376e-16
    Saturn 5.683000e+26 1.433000e+12 1.742400e+08 6.668515e-13 -1.168914e+00 9.680000e+03 6.174985e-17
    Uranus 8.681000e+25 2.877000e+12 1.224000e+08 9.182287e-14 -2.894917e-01 6.800000e+03 8.502443e-18
   Neptune 1.024000e+26 4.503000e+12 9.774000e+07 2.491139e-14 -1.181215e-01 5.430000e+03 2.306668e-18
      Moon 7.342000e+22 -5.788659e+10 1.837407e+07 1.898394e-09 -3.235722e+06 1.020288e+03 2.123875e-13
    Phobos 1.070000e+16 -9.781265e+13 3.848400e+07 4.273393e-10 -5.434036e+09 2.138000e+03 2.374108e-14
    Deimos 1.480000e+15 -1.563133e+13 2.431800e+07 4.272398e-10 -8.684084e+08 1.351000e+03 2.373600e-14
        Io 8.930000e+22 -4.785185e+10 3.110880e+08 1.747423e-09 -2.679599e+06 1.726762e+04 1.884928e-13
    Europa 4.800000e+22 -1.758320e+10 2.342880e+08 1.410757e-09 -9.957560e+05 1.274359e+04 1.377416e-13
  Ganymede 1.480000e+23 2.974408e+10 -3.078138e+09 1.329089e-09 2.091499e+06 -2.160526e+05 1.123175e-13
  Callisto 1.080000e+23 -1.221954e+12 -1.721043e+12 2.979998e-07 -1.131465e+08 -1.593596e+08 2.756956e-11
     Titan 1.345000e+23 -1.256786e+12 -3.593410e+11 3.933911e-08 -8.728164e+07 -2.495563e+07 2.727531e-12
      Rhea 2.310000e+21 -3.018193e+10 1.512266e+08 1.534654e-09 -1.700154e+06 8.370562e+03 1.559659e-13
   Iapetus 1.810000e+21 8.598630e+08 3.829354e+07 1.220647e-09 -3.138247e+05 -4.643489e+02 1.159546e-13
     Dione 1.100000e+21 -6.007867e+10 1.826854e+08 1.931178e-09 -3.357228e+06 1.014480e+04 2.176045e-13
    Tethys 6.170000e+20 -9.853097e+10 2.042523e+08 2.720167e-09 -5.489811e+06 1.134627e+04 3.460470e-13
 Enceladus 1.080000e+20 -1.516188e+11 2.226459e+08 3.902765e-09 -8.436271e+06 1.236890e+04 4.959038e-13
     Mimas 3.750000e+19 -2.484609e+11 2.555964e+08 4.271786e-09 -1.381363e+07 1.419971e+04 4.114771e-13
   Miranda 6.590000e+19 -5.168054e+11 1.195198e+08 3.392488e-09 -2.871856e+07 6.639985e+03 2.400176e-13
     Ariel 1.350000e+21 -2.356078e+11 1.000783e+08 4.307592e-09 -1.309984e+07 5.559869e+03 4.282152e-13
   Umbriel 1.170000e+21 -1.212962e+11 8.386959e+07 3.291989e-09 -6.753115e+06 4.659184e+03 4.328617e-13
   Titania 3.420000e+21 -4.470301e+10 6.534535e+07 1.707811e-09 -2.505117e+06 3.626397e+03 1.823520e-13
    Oberon 3.000000e+21 -2.430424e+10 5.564522e+07 1.474836e-09 -1.373321e+06 3.068704e+03 1.471030e-13
    Triton 2.140000e+22 -6.785463e+10 7.896228e+07 2.065760e-09 -3.788316e+06 4.385487e+03 2.393488e-13
Asteroid_1 2.870850e+16 -1.066921e+11 -6.272543e+10 6.553565e+09 1.659796e+04 -2.823340e+04 -8.413413e+00

# Step 5, Time: 1.800000e+04 s
Name Mass Px Py Pz Vx Vy Vz
       Sun 1.989000e+30 1.994363e+05 1.552984e+05 1.795148e-09 1.222818e+01 1.035832e+01 1.424721e-13
   Mercury 3.301000e+23 5.788922e+10 1.033939e+09 6.223730e-10 -8.553135e+02 4.786364e+04 4.936819e-14
     Venus 4.867000e+24 1.081969e+11 7.564260e+08 3.036332e-10 -2.449169e+02 3.501929e+04 2.409654e-14
     Earth 5.972000e+24 1.495984e+11 6.432461e+08 1.855500e-10 -1.281207e+02 2.977977e+04 1.472749e-14
      Mars 6.417000e+23 2.278993e+11 5.212076e+08 8.646226e-11 -5.520078e+01 2.412995e+04 6.863322e-15
   Jupiter 1.898000e+27 7.784999e+11 2.823120e+08 4.887083e-12 -4.729354e+00 1.307000e+04 3.879175e-16
    Saturn 5.683000e+26 1.433000e+12 2.090880e+08 9.336250e-13 -1.402697e+00 9.680000e+03 7.410374e-17
    Uranus 8.681000e+25 2.877000e+12 1.468800e+08 1.285545e-13 -3.473900e-01 6.800000e+03 1.020322e-17
   Neptune 1.024000e+26 4.503000e+12 1.172880e+08 3.487639e-14 -1.417458e-01 5.430000e+03 2.768055e-18
      Moon 7.342000e+22 -6.953467e+10 2.204694e+07 2.983712e-09 -3.235580e+06 1.020243e+03 3.014772e-13
    Phobos 1.070000e+16 -1.173752e+14 4.618080e+07 5.128072e-10 -5.434036e+09 2.138000e+03 2.374108e-14
    Deimos 1.480000e+15 -1.875760e+13 2.918160e+07 5.126894e-10 -8.684084e+08 1.351000e+03 2.373601e-14
        Io 8.930000e+22 -5.749766e+10 3.732466e+08 2.677616e-09 -2.679391e+06 1.726626e+04 2.583871e-13
    Europa 4.800000e+22 -2.116236e+10 2.800908e+08 2.031209e-09 -9.942106e+05 1.272301e+04 1.723475e-13
  Ganymede 1.480000e+23 3.727156e+10 -3.855730e+09 1.782577e-09 2.090968e+06 -2.159975e+05 1.259691e-13
  Callisto 1.080000e+23 -1.629281e+12 -2.294738e+12 3.972502e-07 -1.131465e+08 -1.593596e+08 2.756956e-11
     Titan 1.345000e+23 -1.571000e+12 -4.491812e+11 4.915831e-08 -8.728164e+07 -2.495563e+07 2.727558e-12
      Rhea 2.310000e+21 -3.630059e+10 1.813512e+08 2.262582e-09 -1.699629e+06 8.367935e+03 2.022024e-13
   Iapetus 1.810000e+21 -2.590829e+09 -6.643929e+07 1.888318e-09 -9.585255e+05 -2.909245e+04 1.854641e-13
     Dione 1.100000e+21 -7.216422e+10 2.192053e+08 3.050081e-09 -3.357096e+06 1.014440e+04 3.108063e-13
    Tethys 6.170000e+20 -1.182941e+11 2.450985e+08 4.592771e-09 -5.489762e+06 1.134616e+04 5.201679e-13
 Enceladus 1.080000e+20 -1.819893e+11 2.671739e+08 6.036107e-09 -8.436250e+06 1.236887e+04 5.925951e-13
     Mimas 3.750000e+19 -2.981899e+11 3.067153e+08 5.796580e-09 -1.381363e+07 1.419971e+04 4.235539e-13
   Miranda 6.590000e+19 -6.201922e+11 1.434238e+08 4.258829e-09 -2.871855e+07 6.639985e+03 2.406503e-13
     Ariel 1.350000e+21 -2.827672e+11 1.200938e+08 5.904172e-09 -1.309983e+07 5.559865e+03 4.434944e-13
   Umbriel 1.170000e+21 -1.456073e+11 1.006426e+08 5.447920e-09 -6.753083e+06 4.659162e+03 5.988697e-13
   Titania 3.420000e+21 -5.372057e+10 7.839912e+07 2.599232e-09 -2.504878e+06 3.626048e+03 2.476171e-13
    Oberon 3.000000e+21 -2.924529e+10 6.668590e+07 2.149945e-09 -1.372512e+06 3.066856e+03 1.875301e-13
    Triton 2.140000e+22 -8.149220e+10 9.474960e+07 3.326864e-09 -3.788212e+06 4.385367e+03 3.503066e-13
Asteroid_1 2.870850e+16 -1.066323e+11 -6.282701e+10 6.553528e+09 1.662474e+04 -2.821766e+04 -1.005857e+01

# Step 6, Time: 2.160000e+04 s
Name Mass Px Py Pz Vx Vy Vz
       Sun 1.989000e+30 2.434611e+05 1.925883e+05 2.393531e-09 1.222911e+01 1.035832e+01 1.662174e-13
   Mercury 3.301000e+23 5.788563e+10 1.206238e+09 8.296552e-10 -9.978540e+02 4.786109e+04 5.757841e-14
     Venus 4.867000e+24 1.081959e+11 8.824944e+08 4.048357e-10 -2.857359e+02 3.501900e+04 2.811180e-14
     Earth 5.972000e+24 1.495978e+11 7.504529e+08 2.474089e-10 -1.494741e+02 2.977968e+04 1.718303e-14
      Mars 6.417000e+23 2.278991e+11 6.080753e+08 1.152914e-10 -6.440090e+01 2.412993e+04 8.008087e-15
   Jupiter 1.898000e+27 7.784999e+11 3.293640e+08 6.516473e-12 -5.517580e+00 1.307000e+04 4.526084e-16
    Saturn 5.683000e+26 1.433000e+12 2.439360e+08 1.244877e-12 -1.636480e+00 9.680000e+03 8.645895e-17
    Uranus 8.681000e+25 2.877000e+12 1.713600e+08 1.714093e-13 -4.052884e-01 6.800000e+03 1.190411e-17
   Neptune 1.024000e+26 4.503000e+12 1.368360e+08 4.650244e-14 -1.653701e-01 5.430000e+03 3.229458e-18
      Moon 7.342000e+22 -8.118241e+10 2.571971e+07 4.482674e-09 -3.235481e+06 1.020212e+03 4.163784e-13
    Phobos 1.070000e+16 -1.369377e+14 5.387760e+07 5.982751e-10 -5.434036e+09 2.138000e+03 2.374108e-14
    Deimos 1.480000e+15 -2.188387e+13 3.404520e+07 5.981391e-10 -8.684084e+08 1.351000e+03 2.373602e-14
        Io 8.930000e+22 -6.714294e+10 4.354018e+08 3.921861e-09 -2.679246e+06 1.726533e+04 3.456236e-13
    Europa 4.800000e+22 -2.473768e+10 3.258428e+08 2.786550e-09 -9.931438e+05 1.270890e+04 2.098171e-13
  Ganymede 1.480000e+23 4.479782e+10 -4.633195e+09 2.279218e-09 2.090629e+06 -2.159625e+05 1.379557e-13
  Callisto 1.080000e+23 -2.036609e+12 -2.868432e+12 4.965007e-07 -1.131465e+08 -1.593596e+08 2.756957e-11
     Titan 1.345000e+23 -1.885214e+12 -5.390215e+11 5.897757e-08 -8.728164e+07 -2.495563e+07 2.727571e-12
      Rhea 2.310000e+21 -4.241795e+10 2.114692e+08 3.182390e-09 -1.699267e+06 8.366125e+03 2.555023e-13
   Iapetus 1.810000e+21 -5.785502e+09 -1.645919e+08 2.637110e-09 -8.874093e+05 -2.726463e+04 2.079978e-13
     Dione 1.100000e+21 -8.424943e+10 2.557241e+08 4.602251e-09 -3.357004e+06 1.014412e+04 4.311585e-13
    Tethys 6.170000e+20 -1.380571e+11 2.859444e+08 7.072557e-09 -5.489728e+06 1.134609e+04 6.888294e-13
 Enceladus 1.080000e+20 -2.123598e+11 3.117017e+08 8.339731e-09 -8.436236e+06 1.236885e+04 6.398955e-13
     Mimas 3.750000e+19 -3.479190e+11 3.578342e+08 7.341177e-09 -1.381362e+07 1.419970e+04 4.290547e-13
   Miranda 6.590000e+19 -7.235789e+11 1.673277e+08 5.126344e-09 -2.871855e+07 6.639985e+03 2.409765e-13
     Ariel 1.350000e+21 -3.299265e+11 1.401093e+08 7.525574e-09 -1.309983e+07 5.559863e+03 4.503897e-13
   Umbriel 1.170000e+21 -1.699183e+11 1.174155e+08 8.000460e-09 -6.753060e+06 4.659146e+03 7.090388e-13
   Titania 3.420000e+21 -6.273754e+10 9.145202e+07 3.780889e-09 -2.504713e+06 3.625807e+03 3.282379e-13
    Oberon 3.000000e+21 -3.418432e+10 7.772201e+07 2.988079e-09 -1.371953e+06 3.065585e+03 2.328152e-13
    Triton 2.140000e+22 -9.512950e+10 1.105366e+08 5.103839e-09 -3.788140e+06 4.385283e+03 4.936041e-13
Asteroid_1 2.870850e+16 -1.065723e+11 -6.292854e+10 6.553486e+09 1.665151e+04 -2.820189e+04 -1.170371e+01

# Step 7, Time: 2.520000e+04 s
Name Mass Px Py Pz Vx Vy Vz
       Sun 1.989000e+30 2.874894e+05 2.298783e+05 3.077396e-09 1.223010e+01 1.035832e+01 1.899626e-13
   Mercury 3.301000e+23 5.788153e+10 1.378528e+09 1.066478e-09 -1.140388e+03 4.785812e+04 6.578396e-14
     Venus 4.867000e+24 1.081947e+11 1.008562e+09 5.204925e-10 -3.265547e+02 3.501867e+04 3.212689e-14
     Earth 5.972000e+24 1.495972e+11 8.576594e+08 3.181088e-10 -1.708275e+02 2.977957e+04 1.963886e-14
      Mars 6.417000e+23 2.278988e+11 6.949429e+08 1.482426e-10 -7.360103e+01 2.412990e+04 9.153110e-15
   Jupiter 1.898000e+27 7.784999e+11 3.764160e+08 8.378789e-12 -6.305806e+00 1.307000e+04 5.173102e-16
    Saturn 5.683000e+26 1.433000e+12 2.787840e+08 1.600613e-12 -1.870263e+00 9.680000e+03 9.881549e-17
    Uranus 8.681000e+25 2.877000e+12 1.958400e+08 2.203876e-13 -4.631867e-01 6.800000e+03 1.360509e-17
   Neptune 1.024000e+26 4.503000e+12 1.563840e+08 5.978960e-14 -1.889944e-01 5.430000e+03 3.690880e-18
      Moon 7.342000e+22 -9.282988e+10 2.939239e+07 6.494724e-09 -3.235408e+06 1.020189e+03 5.589027e-13
    Phobos 1.070000e+16 -1.565002e+14 6.157440e+07 6.837430e-10 -5.434036e+09 2.138000e+03 2.374108e-14
    Deimos 1.480000e+15 -2.501014e+13 3.890880e+07 6.835888e-10 -8.684084e+08 1.351000e+03 2.373603e-14
        Io 8.930000e+22 -7.678785e+10 4.975545e+08 5.553129e-09 -2.679140e+06 1.726464e+04 4.531298e-13
    Europa 4.800000e+22 -2.831019e+10 3.715579e+08 3.688041e-09 -9.923631e+05 1.269862e+04 2.504140e-13
  Ganymede 1.480000e+23 5.232325e+10 -5.410572e+09 2.813899e-09 2.090395e+06 -2.159383e+05 1.485225e-13
  Callisto 1.080000e+23 -2.443936e+12 -3.442126e+12 5.957511e-07 -1.131465e+08 -1.593596e+08 2.756957e-11
     Titan 1.345000e+23 -2.199428e+12 -6.288618e+11 6.879685e-08 -8.728164e+07 -2.495563e+07 2.727578e-12
      Rhea 2.310000e+21 -4.853436e+10 2.415825e+08 4.323554e-09 -1.699001e+06 8.364802e+03 3.169899e-13
   Iapetus 1.810000e+21 -8.928843e+09 -2.612826e+08 3.480526e-09 -8.731501e+05 -2.685851e+04 2.342822e-13
     Dione 1.100000e+21 -9.633440e+10 2.922422e+08 6.687556e-09 -3.356936e+06 1.014392e+04 5.792512e-13
    Tethys 6.170000e+20 -1.578201e+11 3.267902e+08 1.000848e-08 -5.489703e+06 1.134604e+04 8.155350e-13
 Enceladus 1.080000e+20 -2.427302e+11 3.562295e+08 1.072991e-08 -8.436225e+06 1.236883e+04 6.639390e-13
     Mimas 3.750000e+19 -3.976480e+11 4.089531e+08 8.896240e-09 -1.381362e+07 1.419970e+04 4.319620e-13
   Miranda 6.590000e+19 -8.269657e+11 1.912316e+08 5.994542e-09 -2.871855e+07 6.639984e+03 2.411660e-13
     Ariel 1.350000e+21 -3.770859e+11 1.601248e+08 9.159979e-09 -1.309982e+07 5.559861e+03 4.540013e-13
   Umbriel 1.170000e+21 -1.942293e+11 1.341884e+08 1.077914e-08 -6.753044e+06 4.659135e+03 7.718558e-13
   Titania 3.420000e+21 -7.175407e+10 1.045043e+08 5.318377e-09 -2.504591e+06 3.625630e+03 4.270802e-13
    Oberon 3.000000e+21 -3.912188e+10 8.875477e+07 4.009035e-09 -1.371544e+06 3.064657e+03 2.835987e-13
    Triton 2.140000e+22 -1.087666e+11 1.263234e+08 7.490015e-09 -3.788087e+06 4.385222e+03 6.628268e-13
Asteroid_1 2.870850e+16 -1.065123e+11 -6.303001e+10 6.553438e+09 1.667826e+04 -2.818609e+04 -1.334884e+01

# Step 8, Time: 2.880000e+04 s
Name Mass Px Py Pz Vx Vy Vz
       Sun 1.989000e+30 3.315214e+05 2.671682e+05 3.846743e-09 1.223110e+01 1.035832e+01 2.137075e-13
   Mercury 3.301000e+23 5.787691e+10 1.550805e+09 1.332824e-09 -1.282914e+03 4.785473e+04 7.398500e-14
     Venus 4.867000e+24 1.081934e+11 1.134627e+09 6.506031e-10 -3.673731e+02 3.501829e+04 3.614183e-14
     Earth 5.972000e+24 1.495965e+11 9.648654e+08 3.976508e-10 -1.921807e+02 2.977945e+04 2.209500e-14
      Mars 6.417000e+23 2.278985e+11 7.818105e+08 1.853168e-10 -8.280115e+01 2.412987e+04 1.029839e-14
   Jupiter 1.898000e+27 7.784999e+11 4.234680e+08 1.047407e-11 -7.094032e+00 1.307000e+04 5.820230e-16
    Saturn 5.683000e+26 1.433000e+12 3.136320e+08 2.000837e-12 -2.104045e+00 9.680000e+03 1.111734e-16
    Uranus 8.681000e+25 2.877000e+12 2.203200e+08 2.754898e-13 -5.210851e-01 6.800000e+03 1.530616e-17
   Neptune 1.024000e+26 4.503000e+12 1.759320e+08 7.473795e-14 -2.126187e-01 5.430000e+03 4.152319e-18
      Moon 7.342000e+22 -1.044771e+11 3.306501e+07 9.103234e-09 -3.235353e+06 1.020172e+03 7.245860e-13
    Phobos 1.070000e+16 -1.760628e+14 6.927120e+07 7.692108e-10 -5.434036e+09 2.138000e+03 2.374108e-14
    Deimos 1.480000e+15 -2.813641e+13 4.377240e+07 7.690385e-10 -8.684084e+08 1.351000e+03 2.373603e-14
        Io 8.930000e+22 -8.643246e+10 5.597053e+08 7.649944e-09 -2.679059e+06 1.726411e+04 5.824487e-13
    Europa 4.800000e+22 -3.188055e+10 4.172448e+08 4.747966e-09 -9.917669e+05 1.269080e+04 2.944238e-13
  Ganymede 1.480000e+23 5.984805e+10 -6.187886e+09 3.382244e-09 2.090223e+06 -2.159205e+05 1.578737e-13
  Callisto 1.080000e+23 -2.851263e+12 -4.015821e+12 6.950015e-07 -1.131465e+08 -1.593596e+08 2.756957e-11
     Titan 1.345000e+23 -2.513641e+12 -7.187020e+11 7.861615e-08 -8.728164e+07 -2.495563e+07 2.727583e-12
      Rhea 2.310000e+21 -5.465003e+10 2.716921e+08 5.719950e-09 -1.698798e+06 8.363793e+03 3.878876e-13
   Iapetus 1.810000e+21 -1.205063e+10 -3.573420e+08 4.426658e-09 -8.671637e+05 -2.668318e+04 2.628143e-13
     Dione 1.100000e+21 -1.084192e+11 3.287598e+08 9.380203e-09 -3.356885e+06 1.014376e+04 7.479575e-13
    Tethys 6.170000e+20 -1.775829e+11 3.676358e+08 1.324185e-08 -5.489684e+06 1.134600e+04 8.981562e-13
 Enceladus 1.080000e+20 -2.731005e+11 4.007572e+08 1.316794e-08 -8.436217e+06 1.236882e+04 6.772299e-13
     Mimas 3.750000e+19 -4.473770e+11 4.600720e+08 1.045745e-08 -1.381361e+07 1.419969e+04 4.336695e-13
   Miranda 6.590000e+19 -9.303525e+11 2.151356e+08 6.863169e-09 -2.871855e+07 6.639984e+03 2.412855e-13
     Ariel 1.350000e+21 -4.242452e+11 1.801403e+08 1.080196e-08 -1.309982e+07 5.559859e+03 4.561069e-13
   Umbriel 1.170000e+21 -2.185402e+11 1.509612e+08 1.368597e-08 -6.753031e+06 4.659126e+03 8.074521e-13
   Titania 3.420000e+21 -8.077026e+10 1.175561e+08 7.285254e-09 -2.504498e+06 3.625496e+03 5.463546e-13
    Oberon 3.000000e+21 -4.405831e+10 9.978499e+07 5.235146e-09 -1.371232e+06 3.063951e+03 3.405865e-13
    Triton 2.140000e+22 -1.224036e+11 1.421100e+08 1.051070e-08 -3.788047e+06 4.385175e+03 8.390795e-13
Asteroid_1 2.870850e+16 -1.064522e+11 -6.313142e+10 6.553384e+09 1.670500e+04 -2.817027e+04 -1.499396e+01

# Step 9, Time: 3.240000e+04 s
Name Mass Px Py Pz Vx Vy Vz
       Sun 1.989000e+30 3.755570e+05 3.044582e+05 4.701572e-09 1.223210e+01 1.035832e+01 2.374523e-13
   Mercury 3.301000e+23 5.787178e+10 1.723068e+09 1.628678e-09 -1.425430e+03 4.785091e+04 8.218169e-14
     Venus 4.867000e+24 1.081919e+11 1.260692e+09 7.951671e-10 -4.081912e+02 3.501786e+04 4.015665e-14
     Earth 5.972000e+24 1.495958e+11 1.072071e+09 4.860360e-10 -2.135339e+02 2.977931e+04 2.455145e-14
      Mars 6.417000e+23 2.278982e+11 8.686779e+08 2.265150e-10 -9.200126e+01 2.412984e+04 1.144394e-14
   Jupiter 1.898000e+27 7.784998e+11 4.705200e+08 1.280236e-11 -7.882258e+00 1.307000e+04 6.467468e-16
    Saturn 5.683000e+26 1.433000e+12 3.484800e+08 2.445554e-12 -2.337828e+00 9.680000e+03 1.235326e-16
    Uranus 8.681000e+25 2.877000e+12 2.448000e+08 3.367162e-13 -5.789834e-01 6.800000e+03 1.700734e-17
   Neptune 1.024000e+26 4.503000e+12 1.954800e+08 9.134754e-14 -2.362430e-01 5.430000e+03 4.613776e-18
      Moon 7.342000e+22 -1.161243e+11 3.673757e+07 1.234628e-08 -3.235309e+06 1.020158e+03 9.008466e-13
    Phobos 1.070000e+16 -1.956253e+14 7.696800e+07 8.546787e-10 -5.434036e+09 2.138000e+03 2.374108e-14
    Deimos 1.480000e+15 -3.126268e+13 4.863600e+07 8.544882e-10 -8.684084e+08 1.351000e+03 2.373603e-14
        Io 8.930000e+22 -9.607684e+10 6.218546e+08 1.028579e-08 -2.678995e+06 1.726370e+04 7.321807e-13
    Europa 4.800000e+22 -3.544922e+10 4.629095e+08 5.979720e-09 -9.912969e+05 1.268466e+04 3.421539e-13
  Ganymede 1.480000e+23 6.737238e+10 -6.965151e+09 3.980494e-09 2.090092e+06 -2.159069e+05 1.661804e-13
  Callisto 1.080000e+23 -3.258591e+12 -4.589515e+12 7.942520e-07 -1.131465e+08 -1.593596e+08 2.756957e-11
     Titan 1.345000e+23 -2.827855e+12 -8.085423e+11 8.843546e-08 -8.728164e+07 -2.495563e+07 2.727586e-12
      Rhea 2.310000e+21 -6.076513e+10 3.017989e+08 7.410011e-09 -1.698638e+06 8.362998e+03 4.694614e-13
   Iapetus 1.810000e+21 -1.516059e+10 -4.530504e+08 5.483353e-09 -8.638772e+05 -2.658566e+04 2.935266e-13
     Dione 1.100000e+21 -1.205038e+11 3.652768e+08 1.269867e-08 -3.356844e+06 1.014364e+04 9.217960e-13
    Tethys 6.170000e+20 -1.973457e+11 4.084813e+08 1.666161e-08 -5.489669e+06 1.134597e+04 9.499334e-13
 Enceladus 1.080000e+20 -3.034709e+11 4.452850e+08 1.563459e-08 -8.436210e+06 1.236881e+04 6.851821e-13
     Mimas 3.750000e+19 -4.971060e+11 5.111909e+08 1.202256e-08 -1.381361e+07 1.419969e+04 4.347526e-13
   Miranda 6.590000e+19 -1.033739e+12 2.390395e+08 7.732085e-09 -2.871855e+07 6.639984e+03 2.413656e-13
     Ariel 1.350000e+21 -4.714046e+11 2.001558e+08 1.244873e-08 -1.309982e+07 5.559858e+03 4.574346e-13
   Umbriel 1.170000e+21 -2.428511e+11 1.677341e+08 1.666881e-08 -6.753021e+06 4.659119e+03 8.285660e-13
   Titania 3.420000e+21 -8.978619e+10 1.306075e+08 9.756702e-09 -2.504425e+06 3.625389e+03 6.865134e-13
    Oberon 3.000000e+21 -4.899386e+10 1.108132e+08 6.691500e-09 -1.370986e+06 3.063395e+03 4.045428e-13
    Triton 2.140000e+22 -1.360404e+11 1.578965e+08 1.410834e-08 -3.788015e+06 4.385138e+03 9.993433e-13
Asteroid_1 2.870850e+16 -1.063919e+11 -6.323278e+10 6.553324e+09 1.673173e+04 -2.815442e+04 -1.663907e+01

